10453571937994,201612,040574087O,QKSDTGP DITFIJ FIMZIK         ,EUR,0348   ,131  ,1838,00,1838,1,01,2, ,1,2008-04-11,0001-01-02,0.00,0.00,0.00,0,10,              , ,0,0,  ,00, , ,01, ,0,00,-405.09,2016-11-30,-423.96,2016-12-16,0001-01-02,0,-641.37,0.00,3,0,0.00,0.00,2016-12-16,-2000.00,2,1981.13,22,35451.56,349,-35587.03,36,2015-11-03,-,      ,0001-01-02,0001-01-02,0001-01-02,          ,  
10453589369391,201612,63454167XX,QQBEE CDBZJMNZ                ,EUR,0353   ,1236 ,1865,00,1865,1,01,7, ,1,2008-04-11,0001-01-02,0.00,0.00,0.00,0,10,              , ,0,0,  ,00, , ,01, ,0,00,-8059.94,2016-09-21,-9059.94,2016-12-08,0001-01-02,0,-8622.44,0.00,E,0,0.05,0.00,2016-12-08,-1000.00,1,0.00,0,0.00,0,-8003.54,8,2016-06-10,-,      ,0001-01-02,0001-01-02,0001-01-02,          ,  
10453531193065,201612,800574070K,XGIBATG XTPIS ADWUZ           ,EUR,0353   ,1236 ,1864,00,1864,1,01,3, ,1,2008-04-14,0001-01-02,0.00,0.00,0.00,0,10,              , ,0,0,  ,00, , ,01, ,0,00,-2524.79,2016-11-30,-574.79,2016-12-05,0001-01-02,0,-937.29,0.00,E,0,0.05,0.00,2016-12-05,0.00,0,1950.00,2,13650.00,5,-10.09,1,2016-07-08,-,      ,0001-01-02,0001-01-02,0001-01-02,          ,  
10453501316203,201612,360520039X,ECNI IVHLR LRLFYND            ,EUR,0348   ,131  ,1045,00,1045,1,01,2, ,1,2008-04-14,0001-01-02,0.00,0.00,0.00,0,10,              , ,0,0,  ,00, , ,01, ,0,00,-944.48,2016-11-30,-45.82,2016-12-16,0001-01-02,0,-331.94,0.00,3,0,0.00,0.00,2016-12-16,-1241.33,2,2139.99,43,36057.01,674,-35567.17,112,2016-07-01,-,      ,0001-01-02,0001-01-02,0001-01-02,          ,  
10453520439651,201612,310458078J,PYFWIBV UBCBMN GLJYB YDEZN    ,EUR,0348   ,131  ,1045,00,1045,1,01,6, ,1,2008-04-14,0001-01-02,0.00,0.00,0.00,0,10,              , ,0,0,  ,00, , ,01, ,0,00,-119.00,2016-11-30,-241.95,2016-12-16,0001-01-02,0,-438.15,0.00,3,0,0.00,0.00,2016-12-16,-2032.33,4,1909.38,37,28508.91,616,-28643.56,123,2014-07-28,-,      ,0001-01-02,0001-01-02,0001-01-02,          ,  
10453596174540,201612,790454103K,AEZÅWÆ CBWI                   ,EUR,0348   ,131  ,1865,00,1865,1,01,7, ,1,2008-04-14,0001-01-02,0.00,0.00,0.00,0,10,              , ,0,0,03,31,1,1,01,8,0,00,-288.50,2016-11-30,-320.23,2016-12-16,0001-01-02,0,-1140.84,0.00,3,0,0.00,0.00,2016-12-16,-1152.30,2,1120.57,4,13748.77,70,-13827.60,24,2016-06-10,-,      ,0001-01-02,0001-01-02,0001-01-02,          ,  
10453577571914,201612,860574052F,UVEKYD TXRXOA IVPRRSH         ,EUR,0348   ,131  ,1045,00,1045,1,01,6, ,1,2008-04-14,0001-01-02,0.00,0.00,0.00,0,10,              , ,0,0,  ,00, , ,01, ,0,00,-118.39,2016-11-16,-79.89,2016-12-16,0001-01-02,0,-67.99,0.00,3,0,0.00,0.00,2016-12-16,-50.00,1,88.50,5,2454.49,69,-2475.00,10,2015-10-21,-,      ,0001-01-02,0001-01-02,0001-01-02,          ,  
10453513718822,201612,100458067X,UÄVALOAUFZH JUBOKM            ,EUR,0353   ,1236 ,1045,00,1045,1,01,2, ,1,2008-04-14,0001-01-02,0.00,0.00,0.00,0,21,              , ,0,0,03,05,1,1,01,8,0,00,-7981.83,2015-04-16,-9993.11,2016-12-16,0001-01-02,0,-9899.36,0.00,E,0,0.05,0.00,2016-12-16,-100.00,1,0.00,0,0.00,0,-1206.10,13,2015-10-21,-,      ,0001-01-02,0001-01-02,0001-01-02,          ,  
10453577822780,201612,610458043O,XMYWZFY TVELD                 ,EUR,0353   ,1236 ,1865,00,1865,1,01,6, ,1,2008-04-14,0001-01-02,0.00,0.00,0.00,0,21,              , ,0,0,  ,00, , ,01, ,0,00,-18529.68,2016-10-31,-17879.68,2016-12-13,0001-01-02,0,-17954.68,0.00,E,0,0.05,0.00,2016-12-13,0.00,0,100.00,1,4688.00,26,-7001.63,4,2015-01-26,-,      ,0001-01-02,0001-01-02,0001-01-02,          ,  
10453575902817,201612,900454287U,ESRRQD KDGWNLN                ,EUR,0353   ,1236 ,1773,00,1773,1,01,3, ,1,2008-04-14,0001-01-02,0.00,0.00,0.00,0,10,              , ,0,0,  ,00, , ,01, ,0,00,-10412.24,2016-07-18,-28511.64,2016-11-17,0001-01-02,0,-28511.64,0.00,E,0,0.05,0.00,2016-11-17,0.00,0,0.00,0,38150.60,5,-24661.82,13,2016-10-07,-,      ,0001-01-02,0001-01-02,0001-01-02,          ,  
10453571937994,201612,140458074T,QKSDTGP DITFIJ FIMZIK         ,EUR,0348   ,131  ,1838,00,1838,1,01,2, ,1,2008-04-11,0001-01-02,0.00,0.00,0.00,0,10,              , ,0,0,  ,00, , ,01, ,0,00,-405.09,2016-11-30,-423.96,2016-12-16,0001-01-02,0,-641.37,0.00,3,0,0.00,0.00,2016-12-16,-2000.00,2,1981.13,22,35451.56,349,-35587.03,36,2015-11-03,-,      ,0001-01-02,0001-01-02,0001-01-02,          ,  
10453589369391,201612,630458075I,QQBEE CDBZJMNZ                ,EUR,0353   ,1236 ,1865,00,1865,1,01,7, ,1,2008-04-11,0001-01-02,0.00,0.00,0.00,0,10,              , ,0,0,  ,00, , ,01, ,0,00,-8059.94,2016-09-21,-9059.94,2016-12-08,0001-01-02,0,-8622.44,0.00,E,0,0.05,0.00,2016-12-08,-1000.00,1,0.00,0,0.00,0,-8003.54,8,2016-06-10,-,      ,0001-01-02,0001-01-02,0001-01-02,          ,  
10453531193065,201612,190454205X,XGIBATG XTPIS ADWUZ           ,EUR,0353   ,1236 ,1864,00,1864,1,01,3, ,1,2008-04-14,0001-01-02,0.00,0.00,0.00,0,10,              , ,0,0,  ,00, , ,01, ,0,00,-2524.79,2016-11-30,-574.79,2016-12-05,0001-01-02,0,-937.29,0.00,E,0,0.05,0.00,2016-12-05,0.00,0,1950.00,2,13650.00,5,-10.09,1,2016-07-08,-,      ,0001-01-02,0001-01-02,0001-01-02,          ,  
10453501316203,201612,660458030P,ECNI IVHLR LRLFYND            ,EUR,0348   ,131  ,1045,00,1045,1,01,2, ,1,2008-04-14,0001-01-02,0.00,0.00,0.00,0,10,              , ,0,0,  ,00, , ,01, ,0,00,-944.48,2016-11-30,-45.82,2016-12-16,0001-01-02,0,-331.94,0.00,3,0,0.00,0.00,2016-12-16,-1241.33,2,2139.99,43,36057.01,674,-35567.17,112,2016-07-01,-,      ,0001-01-02,0001-01-02,0001-01-02,          ,  
10453520439651,201612,780458080V,PYFWIBV UBCBMN GLJYB YDEZN    ,EUR,0348   ,131  ,1045,00,1045,1,01,6, ,1,2008-04-14,0001-01-02,0.00,0.00,0.00,0,10,              , ,0,0,  ,00, , ,01, ,0,00,-119.00,2016-11-30,-241.95,2016-12-16,0001-01-02,0,-438.15,0.00,3,0,0.00,0.00,2016-12-16,-2032.33,4,1909.38,37,28508.91,616,-28643.56,123,2014-07-28,-,      ,0001-01-02,0001-01-02,0001-01-02,          ,  
10453596174540,201612,240454270Q,AEZÅWÆ CBWI                   ,EUR,0348   ,131  ,1865,00,1865,1,01,7, ,1,2008-04-14,0001-01-02,0.00,0.00,0.00,0,10,              , ,0,0,03,31,1,1,01,8,0,00,-288.50,2016-11-30,-320.23,2016-12-16,0001-01-02,0,-1140.84,0.00,3,0,0.00,0.00,2016-12-16,-1152.30,2,1120.57,4,13748.77,70,-13827.60,24,2016-06-10,-,      ,0001-01-02,0001-01-02,0001-01-02,          ,  
10453577571914,201612,030458064O,UVEKYD TXRXOA IVPRRSH         ,EUR,0348   ,131  ,1045,00,1045,1,01,6, ,1,2008-04-14,0001-01-02,0.00,0.00,0.00,0,10,              , ,0,0,  ,00, , ,01, ,0,00,-118.39,2016-11-16,-79.89,2016-12-16,0001-01-02,0,-67.99,0.00,3,0,0.00,0.00,2016-12-16,-50.00,1,88.50,5,2454.49,69,-2475.00,10,2015-10-21,-,      ,0001-01-02,0001-01-02,0001-01-02,          ,  
10453513718822,201612,55454918DF,UÄVALOAUFZH JUBOKM            ,EUR,0353   ,1236 ,1045,00,1045,1,01,2, ,1,2008-04-14,0001-01-02,0.00,0.00,0.00,0,21,              , ,0,0,03,05,1,1,01,8,0,00,-7981.83,2015-04-16,-9993.11,2016-12-16,0001-01-02,0,-9899.36,0.00,E,0,0.05,0.00,2016-12-16,-100.00,1,0.00,0,0.00,0,-1206.10,13,2015-10-21,-,      ,0001-01-02,0001-01-02,0001-01-02,          ,  
10453577822780,201612,520458072D,XMYWZFY TVELD                 ,EUR,0353   ,1236 ,1865,00,1865,1,01,6, ,1,2008-04-14,0001-01-02,0.00,0.00,0.00,0,21,              , ,0,0,  ,00, , ,01, ,0,00,-18529.68,2016-10-31,-17879.68,2016-12-13,0001-01-02,0,-17954.68,0.00,E,0,0.05,0.00,2016-12-13,0.00,0,100.00,1,4688.00,26,-7001.63,4,2015-01-26,-,      ,0001-01-02,0001-01-02,0001-01-02,          ,  
10453575902817,201612,190458069B,ESRRQD KDGWNLN                ,EUR,0353   ,1236 ,1773,00,1773,1,01,3, ,1,2008-04-14,0001-01-02,0.00,0.00,0.00,0,10,              , ,0,0,  ,00, , ,01, ,0,00,-10412.24,2016-07-18,-28511.64,2016-11-17,0001-01-02,0,-28511.64,0.00,E,0,0.05,0.00,2016-11-17,0.00,0,0.00,0,38150.60,5,-24661.82,13,2016-10-07,-,      ,0001-01-02,0001-01-02,0001-01-02,          ,  
10453571937994,201612,490862008Q,QKSDTGP DITFIJ FIMZIK         ,EUR,0348   ,131  ,1838,00,1838,1,01,2, ,1,2008-04-11,0001-01-02,0.00,0.00,0.00,0,10,              , ,0,0,  ,00, , ,01, ,0,00,-405.09,2016-11-30,-423.96,2016-12-16,0001-01-02,0,-641.37,0.00,3,0,0.00,0.00,2016-12-16,-2000.00,2,1981.13,22,35451.56,349,-35587.03,36,2015-11-03,-,      ,0001-01-02,0001-01-02,0001-01-02,          ,  
10453589369391,201612,2512124917,QQBEE CDBZJMNZ                ,EUR,0353   ,1236 ,1865,00,1865,1,01,7, ,1,2008-04-11,0001-01-02,0.00,0.00,0.00,0,10,              , ,0,0,  ,00, , ,01, ,0,00,-8059.94,2016-09-21,-9059.94,2016-12-08,0001-01-02,0,-8622.44,0.00,E,0,0.05,0.00,2016-12-08,-1000.00,1,0.00,0,0.00,0,-8003.54,8,2016-06-10,-,      ,0001-01-02,0001-01-02,0001-01-02,          ,  
10453531193065,201612,2712791789,XGIBATG XTPIS ADWUZ           ,EUR,0353   ,1236 ,1864,00,1864,1,01,3, ,1,2008-04-14,0001-01-02,0.00,0.00,0.00,0,10,              , ,0,0,  ,00, , ,01, ,0,00,-2524.79,2016-11-30,-574.79,2016-12-05,0001-01-02,0,-937.29,0.00,E,0,0.05,0.00,2016-12-05,0.00,0,1950.00,2,13650.00,5,-10.09,1,2016-07-08,-,      ,0001-01-02,0001-01-02,0001-01-02,          ,  
10453501316203,201612,720574196O,ECNI IVHLR LRLFYND            ,EUR,0348   ,131  ,1045,00,1045,1,01,2, ,1,2008-04-14,0001-01-02,0.00,0.00,0.00,0,10,              , ,0,0,  ,00, , ,01, ,0,00,-944.48,2016-11-30,-45.82,2016-12-16,0001-01-02,0,-331.94,0.00,3,0,0.00,0.00,2016-12-16,-1241.33,2,2139.99,43,36057.01,674,-35567.17,112,2016-07-01,-,      ,0001-01-02,0001-01-02,0001-01-02,          ,  
10453520439651,201612,660455062J,PYFWIBV UBCBMN GLJYB YDEZN    ,EUR,0348   ,131  ,1045,00,1045,1,01,6, ,1,2008-04-14,0001-01-02,0.00,0.00,0.00,0,10,              , ,0,0,  ,00, , ,01, ,0,00,-119.00,2016-11-30,-241.95,2016-12-16,0001-01-02,0,-438.15,0.00,3,0,0.00,0.00,2016-12-16,-2032.33,4,1909.38,37,28508.91,616,-28643.56,123,2014-07-28,-,      ,0001-01-02,0001-01-02,0001-01-02,          ,  
10453596174540,201612,270455048T,AEZÅWÆ CBWI                   ,EUR,0348   ,131  ,1865,00,1865,1,01,7, ,1,2008-04-14,0001-01-02,0.00,0.00,0.00,0,10,              , ,0,0,03,31,1,1,01,8,0,00,-288.50,2016-11-30,-320.23,2016-12-16,0001-01-02,0,-1140.84,0.00,3,0,0.00,0.00,2016-12-16,-1152.30,2,1120.57,4,13748.77,70,-13827.60,24,2016-06-10,-,      ,0001-01-02,0001-01-02,0001-01-02,          ,  
10453577571914,201612,450458171V,UVEKYD TXRXOA IVPRRSH         ,EUR,0348   ,131  ,1045,00,1045,1,01,6, ,1,2008-04-14,0001-01-02,0.00,0.00,0.00,0,10,              , ,0,0,  ,00, , ,01, ,0,00,-118.39,2016-11-16,-79.89,2016-12-16,0001-01-02,0,-67.99,0.00,3,0,0.00,0.00,2016-12-16,-50.00,1,88.50,5,2454.49,69,-2475.00,10,2015-10-21,-,      ,0001-01-02,0001-01-02,0001-01-02,          ,  
10453513718822,201612,210455022Q,UÄVALOAUFZH JUBOKM            ,EUR,0353   ,1236 ,1045,00,1045,1,01,2, ,1,2008-04-14,0001-01-02,0.00,0.00,0.00,0,21,              , ,0,0,03,05,1,1,01,8,0,00,-7981.83,2015-04-16,-9993.11,2016-12-16,0001-01-02,0,-9899.36,0.00,E,0,0.05,0.00,2016-12-16,-100.00,1,0.00,0,0.00,0,-1206.10,13,2015-10-21,-,      ,0001-01-02,0001-01-02,0001-01-02,          ,  
10453577822780,201612,130574266I,XMYWZFY TVELD                 ,EUR,0353   ,1236 ,1865,00,1865,1,01,6, ,1,2008-04-14,0001-01-02,0.00,0.00,0.00,0,21,              , ,0,0,  ,00, , ,01, ,0,00,-18529.68,2016-10-31,-17879.68,2016-12-13,0001-01-02,0,-17954.68,0.00,E,0,0.05,0.00,2016-12-13,0.00,0,100.00,1,4688.00,26,-7001.63,4,2015-01-26,-,      ,0001-01-02,0001-01-02,0001-01-02,          ,  
10453575902817,201612,8201481455,ESRRQD KDGWNLN                ,EUR,0353   ,1236 ,1773,00,1773,1,01,3, ,1,2008-04-14,0001-01-02,0.00,0.00,0.00,0,10,              , ,0,0,  ,00, , ,01, ,0,00,-10412.24,2016-07-18,-28511.64,2016-11-17,0001-01-02,0,-28511.64,0.00,E,0,0.05,0.00,2016-11-17,0.00,0,0.00,0,38150.60,5,-24661.82,13,2016-10-07,-,      ,0001-01-02,0001-01-02,0001-01-02,          ,  
